384
256
621
625
622
75
74
4
263
941
640
612
652
740
826
997
290
413
82
660
500
358
329
433
830
925
399
228
581
532
411
9
697
999
500
501
823
679
527
939
7
730
301
437
783
906
682
473
619
905
793
145
703
533
480
895
554
409
43
760
546
265
59
282
880
405
861
728
906
259
694
888
802
747
796
511
998
845
975
226
476
380
545
497
48
353
863
211
561
867
197
890
501
531
980
533
779
922
362
380
247
66
150
441
705
822
203
248
138
737
249
792
844
538
718
503
21
142
81
952
677
345
674
4
753
566
698
310
251
601
514
314
874
547
922
193
206
714
264
640
729
171
847
622
435
151
362
781
822
51
868
672
470
82
496
625
751
829
482
13
54
513
67
893
556
243
423
714
910
439
884
434
456
497
518
949
561
705
66
957
963
447
465
446
954
498
615
338
546
141
885
728
430
780
836
671
16
121
414
747
329
32
815
20
973
569
384
706
282
461
719
59
881
710
12
74
583
654
684
776
737
375
323
970
688
108
1
822
988
783
769
246
815
420
748
690
726
345
721
781
388
665
551
169
935
436
262
601
323
333
733
886
746
387
981
11
174
519
161
173
475
517
157
590
953
59
200
681
19
239
838
12
286
388
3
534
677
831
382
593
718
450
389
66
51
326
539
323
360
388
666
327
374
257
28
340
663
878
853
723
478
385
149
836
991
263
32
103
876
543
449
350
323
978
320
363
622
611
830
76
869
516
756
609
180
69
164
731
308
331
141
265
351
5
946
415
174
543
886
47
944
531
791
437
674
860
582
22
942
500
888
80
914
434
148
539
105
515
835
972
101
601
474
878
551
571
159
583
209
928
283
187
115
868
54
145
792
36
386
871
195
522
300
304
481
259
271
933
360
220
622
122
350
599
216
807
988
114
412
656
47
7
556
852
714
629
849
694
498
851
446
795
961
882
525
106
832
765
265
759
206
482
644
781
443
290
937
139
938
251
614
885
75
844
383
470
563
78
477
432
312
44
42
944
854
545
67
987
934
621
724
939
227
860
642
403
262
65
12
948
139
940
475
815
968
251
856
992
496
997
216
358
493
526
434
101
548
354
733
233
513
784
479
277
204
694
784
457
980
702
520
227
199
227
179
552
363
266
22
734
395
463
80
200
576
669
470
495
499
360
892
376
453
74
297
427
20
494
456
197
957
94
498
980
195
825
999
608
757
605
558
664
533
340
923
816
811
660
326
399
132
168
859
705
396
417
669
416
672
672
759
565
501
520
704
763
443
478
481
592
310
989
67
802
636
171
285
967
371
773
868
396
595
690
426
77
856
152
321
831
494
554
970
615
683
784
953
371
727
901
400
959
459
793
609
412
197
594
712
917
878
86
601
885
455
601
901
746
444
924
861
540
43
307
518
186
312
946
133
35
268
208
991
828
710
90
33
466
14
792
679
80
865
741
787
915
218
383
291
559
296
866
41
776
222
142
3
298
980
545
531
43
691
651
909
271
499
245
16
910
147
768
889
314
497
923
101
190
26
244
245
401
77
365
869
926
329
826
467
490
960
175
19
250
609
495
360
745
141
539
571
915
126
805
12
272
183
359
741
4
174
611
719
786
528
741
466
266
39
477
725
412
610
939
63
463
190
646
76
65
675
732
505
723
337
350
160
930
985
261
876
594
941
912
418
548
69
239
101
755
327
99
595
226
161
653
628
898
493
750
1
956
763
930
583
535
984
756
732
410
824
996
242
557
127
40
142
590
450
109
50
487
720
916
546
14
75
768
229
563
132
239
687
53
482
205
913
931
76
420
181
613
479
753
668
937
365
202
674
455
716
14
313
355
188
231
89
289
765
710
431
43
213
623
989
736
420
656
146
26
558
458
341
78
831
917
417
798
238
659
679
800
319
920
656
51
629
971
241
10
420
424
881
793
912
47
253
255
955
771
942
454
691
179
338
673
729
206
121
515
190
44
430
543
187
171
715
42
812
832
574
634
577
525
941
927
236
461
66
254
924
559
540
330
222
736
227
374
249
319
508
525
97
465
6
997
948
432
178
630
370
60
872
438
516
93
885
731
472
939
651
641
386
72
854
970
687
86
70
406
114
506
273
497
267
171
503
155
541
963
178
269
159
266
103
310
876
666
855
282
345
444
656
232
675
196
818
530
51
124
510
441
101
704
568
826
856
859
321
695
884
831
829
994
922
520
914
984
454
869
464
963
678
582
977
953
346
912
31
62
754
556
218
549
652
431
771
9
492
844
110
238
36
306
966
694
826
353
881
727
