16
6062
495
5317
2097
6959
5742
997
3068
4753
9126
1349
2045
5095
9927
658
458
9580
7491
2885
8255
3906
7389
2325
2367
6743
9524
3600
5494
4570
1342
4247
3781
1213
1973
1328
8590
9176
8781
7372
7723
4112
7246
7524
9780
423
3413
3535
6621
3599
174
1722
7720
2975
9390
4427
4141
1006
7734
855
6158
7287
2621
1523
5236
2665
1642
8953
8997
8925
3903
8731
3638
6451
9808
4313
2262
8751
3300
3191
9525
8511
9198
9619
1768
9053
3769
3838
7308
4271
1521
9106
3905
8424
3951
6099
4793
5337
3647
3816
2197
7019
16
4488
7680
9586
8243
1643
6354
5548
4355
2882
765
790
2935
3238
2122
7516
3330
846
1537
5987
6734
4765
9205
6618
5076
2229
3805
8045
1185
7585
4700
7846
2515
678
4150
1604
2811
7980
6937
9534
866
7059
1668
8143
6337
5031
331
9387
7941
7079
7630
6599
6116
8227
3770
5799
9143
2333
8596
7660
382
1013
4010
7275
4465
9316
9019
2376
8738
1418
5628
4687
8147
4252
2377
7725
2258
5600
329
7801
7522
8994
3995
2695
5330
5829
221
8534
6274
4257
7866
4136
783
1395
1920
2599
8860
2578
9552
284
1730
5942
2444
9733
1876
7663
9491
5861
7814
4752
1046
9922
646
4010
7956
2822
8443
5225
1223
2631
9288
2942
7677
5113
2542
2388
5151
3543
267
5016
7194
192
9557
7122
6110
296
9297
5632
5729
4301
1673
1486
7022
2960
7078
7465
7255
8824
1392
584
2680
3381
3674
6495
1897
5840
7576
1286
1010
9553
355
7627
450
1215
6853
7394
3095
5034
3902
8792
3873
4597
63
9041
4642
365
6010
7085
5420
7149
8548
8531
4869
6636
3559
5042
3129
4580
2234
1129
6497
1618
6011
624
9666
1089
3094
8949
9157
4564
5040
1608
9814
6767
4036
9402
2175
4925
2229
4489
2220
3949
8144
8535
1392
7203
2333
1370
75
7911
1965
6156
7122
1611
7672
8495
9706
3878
3931
3388
5964
7015
275
7992
7773
8548
7380
7013
82
1089
9269
948
6122
1381
8638
111
1509
6589
7323
7139
2491
3909
9815
2984
8539
5712
6675
6285
3355
3416
1637
2926
3795
2508
6937
8170
494
1100
4371
6484
9038
6926
3023
6157
2437
9306
1846
1032
5606
8559
2937
2152
9846
2025
7570
6245
7958
9781
6997
2687
9206
6282
3088
4698
5318
5593
8079
5228
42
331
7785
10000
90
7472
3250
9102
8215
3088
3155
3592
5591
1561
2062
6876
7569
7162
5435
3986
3303
1167
9221
1298
798
4109
4173
8988
3442
8571
3559
3717
8508
2262
2553
3393
3899
1204
8530
8469
2255
1631
1806
2540
5183
204
7710
5014
5533
7540
2105
6634
2696
8981
9094
2268
8522
9864
5742
1619
9425
7765
621
9378
5647
5882
455
3314
4597
7105
8341
1086
2518
5234
8547
1391
1773
5671
8363
570
2558
4956
4040
1052
6803
2907
1698
5505
9418
6927
7554
8288
2531
8945
404
731
2871
2826
171
5305
2057
412
6600
8021
9695
4284
2690
3828
570
9448
4183
7124
2286
9144
9546
5850
2139
1292
6941
5053
6309
1470
8270
3056
8956
525
3474
7157
3844
1202
6863
8307
5723
8789
8897
1241
7464
1762
8182
4481
6834
1940
2522
8031
2735
9203
2341
4368
4152
5365
1639
3526
1564
8900
3014
1158
5679
2652
6349
5192
1432
7262
8836
9389
8192
9720
7052
1924
7097
8734
4066
3419
9776
5072
9818
4930
7082
6706
9999
7919
7801
9365
8884
4533
8887
2192
6496
8445
5071
8269
3905
9110
1641
1116
5572
3534
3470
4320
8756
969
9015
934
6594
1773
4684
2780
9533
1769
137
5035
4492
6790
8452
9722
4962
6630
8379
3695
9025
144
4312
6051
7803
3062
4417
1789
5057
9981
9437
492
6127
5731
6009
9985
4894
4763
4486
4403
1243
8707
1619
7601
8662
1709
1019
5441
2354
3079
4341
1839
4719
7125
5006
9457
9040
1512
9795
2346
7154
6352
9130
2720
8298
9633
7858
9424
9599
8221
681
771
3410
869
3163
4122
4731
9599
6107
5864
5921
822
4416
6847
7959
9849
6235
32
2630
9635
1000
1201
8462
4929
7475
1604
1488
251
6017
6298
1348
9837
6229
9404
3829
7809
4906
7309
2331
7373
1753
8871
4026
2352
9222
2994
1731
2953
24
148
4365
2776
5436
3175
737
1494
7167
9873
4494
4812
138
9449
2577
9381
2981
9137
9075
5
3416
5934
4393
3364
791
6502
7430
755
5902
9099
2013
8518
8557
6927
1897
663
3508
2347
5628
6750
8747
522
7915
3106
6945
1761
3203
1660
9539
155
8805
6932
1412
2152
1352
4715
4836
8478
3374
1307
9972
275
8270
4817
8687
2126
9339
2937
4004
7352
1914
8911
200
5653
5768
7804
3275
7978
5907
8171
312
4741
5018
8318
5214
4797
3125
8360
3270
6777
8886
1653
4300
5536
8795
6400
4409
8492
8418
1656
6622
4933
8822
899
2174
9354
6611
4211
8626
2768
8421
6086
6895
4164
1385
6090
690
9208
7392
4750
4815
2722
8851
8776
743
2616
4401
1585
8621
7400
8753
6237
2818
9119
4287
4758
9758
8881
864
5191
7614
9869
4950
6480
3286
8457
7200
1564
4659
5252
6978
2238
1226
1784
3918
5047
137
1885
2240
155
8676
121
1484
1822
1119
3994
8485
6292
6664
5976
9599
7155
5710
9379
7554
4624
5676
8347
3931
2556
8169
9386
1847
556
2866
1102
1975
2973
2086
9048
5911
3978
9897
6161
5013
6896
6466
5198
6722
1303
1168
8889
2128
5272
5910
3782
6741
3568
4038
2333
5314
175
9926
5652
9389
5073
7979
6792
5533
9415
4808
77
4479
4578
3695
9428
311
2011
1899
2763
4638
4465
620
8434
4139
8721
5534
3378
9665
8355
4927
3039
3770
6908
2611
7293
292
5330
5786
9844
6161
9751
6402
5133
3314
316
7470
9966
1073
3003
4009
2450
7858
3190
3953
3414
3789
7432
9350
6651
779
7350
6873
7251
1104
4727
9968
6589
3824
5518
7174
8899
4685
7334
4464
3248
2910
8989
7841
5707
85
8191
454
273
4227
1873
8886
2158
2955
8167
9882
5269
8005
5839
3098
6990
3466
9693
1339
6871
5944
9904
1683
2363
2818
5633
8695
6265
6975
7967
7296
8721
5089
4904
6155
5543
9760
605
7026
9611
1207
1770
9362
8005
7484
8155
5849
7643
6187
3459
9433
9117
8718
8139
422
8302
1299
1384
9112
7236
7647
7391
577
8506
8370
4955
306
766
599
5337
298
5572
4212
3945
6870
3640
1975
4767
7833
4754
707
5060
9386
6665
6478
105
5928
7003
9544
9668
2950
5036
3884
382
7760
1403
2403
7105
1920
7342
4176
4226
3035
7994
1933
352
7158
4082
8982
6939
8360
9984
4399
2937
5928
6559
8602
429
7105
9635
8771
6781
1045
9329
9997
5532
7712
947
3312
5708
4157
2106
4799
4109
2507
3850
667
5715
862
1662
6652
973
9260
7651
7263
1240
747
4498
347
3868
1757
4669
5431
1881
5431
9535
9068
3347
2493
3578
8728
7506
8124
8937
5355
4041
6710
1713
9387
6441
9171
3646
5428
6951
1845
5712
1170
8302
3622
1026
4950
2093
5292
5325
9285
3663
5910
1375
6902
3630
4075
6935
3831
6246
8476
9255
6911
7816
5593
970
5073
1282
6425
9662
7883
5271
5820
6790
5650
5435
6319
8698
8615
7143
5226
958
2722
8241
2111
2844
7277
251
4621
476
6737
3012
1677
8607
912
5874
9352
4839
6739
5582
5253
7130
1433
7069
6566
6662
9879
4327
1215
6782
2196
6682
703
2350
542
5138
5830
2647
3091
8658
7032
1333
3572
3976
5363
8662
7215
5332
7723
7538
427
2653
9618
254
5922
9796
2241
9028
8552
8917
9151
5089
7776
2715
8521
7887
9529
8676
663
5663
5418
6298
4888
4424
4168
5586
5765
9245
3073
987
7672
3898
57
7995
122
773
3056
8569
5749
986
2337
8799
9029
5417
3252
5534
3558
8667
9762
6625
5140
3005
811
9511
7891
3716
1637
6962
4314
2071
3137
9973
4687
3135
7361
1423
1400
6900
2488
1040
9432
9821
3124
3500
2803
6096
90
8198
7655
7147
3488
781
843
176
9138
7848
3861
2521
1968
2798
536
7932
8097
7252
513
1537
9201
1716
8274
8874
2855
1888
3489
5792
9117
5353
3518
3614
9184
1839
4369
5076
5664
794
6627
2892
1651
1305
222
6497
1274
2936
5155
5478
2319
4026
6984
5507
7037
8114
161
6514
2688
5367
9166
9861
5323
5309
4970
7181
9166
971
3052
1514
8325
7389
4134
334
8684
9558
2883
9407
5176
787
8664
7471
6627
7434
6349
2513
3430
6397
9937
7755
2851
9000
6997
4399
8014
3127
271
2597
9618
6551
2760
8013
9683
1372
1632
9361
862
3806
2400
1243
7654
2013
3192
1899
7306
1205
3000
5951
6741
1453
6390
8420
6604
7218
9229
7077
9385
6251
5986
8514
8321
2429
1282
4720
5722
1119
8317
6530
4263
8222
6975
4782
5965
2217
9354
8117
6269
5426
2527
9575
3504
2054
8957
5139
9483
2098
8749
3441
5506
9558
4204
1843
1675
4077
6353
2665
1546
4126
1958
4454
4461
7886
3736
9500
8107
2221
5015
2349
4476
6907
7462
4568
5741
1125
3483
5686
8332
7079
5029
1815
6366
8227
4753
6991
50
1713
5816
8405
4995
1334
6405
3897
6565
335
8053
7770
163
5579
121
1528
4046
2602
465
6012
4670
8341
5342
2939
3607
4688
7193
809
8410
4664
1577
2669
6729
8914
4971
3384
8255
5766
8363
40
487
2968
7798
4431
7584
7365
5386
4950
1457
6350
7004
9270
6505
1200
7427
3183
725
1582
9874
4359
3295
798
725
4641
9258
5927
9627
485
2833
7966
8791
1328
6014
8715
874
1991
4471
7900
6163
7409
9914
6835
3103
4385
2790
9104
965
5792
2049
8185
6674
5357
9083
8659
7705
7427
6903
4909
2140
7965
3772
4050
9302
3516
1744
3098
3604
391
2748
1168
8143
2591
3537
6234
9514
266
1628
5191
1470
5550
3490
1006
559
8258
314
1124
9672
5415
8288
1994
8899
8163
4054
5505
7771
2069
2012
8024
6346
62
3507
691
2447
4157
2381
6656
7064
423
4264
2878
3906
7009
9016
2001
2638
7731
5899
7620
8371
8300
4100
2707
219
2742
5138
9896
9534
7603
894
4944
8087
1081
3650
2788
2623
8970
830
3971
7280
1106
9989
7478
3300
256
8325
7604
6119
5762
2594
8164
160
4235
2912
8787
3521
2954
4271
532
9306
7376
1824
4841
6570
9707
606
1592
4735
6421
4145
1544
4721
7446
236
5456
3377
1825
1784
7070
5959
9336
5663
8178
9613
3380
1886
987
3079
394
4863
2473
5160
1058
1559
618
3597
5756
3681
8029
7188
6050
1705
5872
9987
3009
2215
725
6350
8804
5221
5149
6407
4411
3901
3540
569
6688
8
6485
9297
738
1511
3985
1774
3158
593
3823
8850
650
9267
6655
4154
3179
3394
7300
4439
7655
6326
5590
2722
9595
8745
9277
2835
9513
2872
5362
8654
2917
9845
4443
9230
5795
9548
2134
1519
3246
7044
9035
2413
8100
6403
7567
8619
4904
2383
9841
7157
1582
7184
7337
2652
937
8024
7267
1269
5206
9242
7635
8157
4505
8736
3485
6035
7206
1213
6214
4376
9982
6351
9773
8095
801
2999
5112
7875
9184
9950
1287
5914
338
4479
5744
5307
9125
3203
2812
3280
5173
142
880
6491
8263
5897
8498
1796
6020
9401
8236
2995
7022
5865
6227
6994
7091
2250
3161
4666
4603
5466
7690
2829
4118
8648
7466
4010
8398
3099
7280
9560
174
5847
1904
2800
6606
2819
8695
2386
4030
7116
9473
6439
6035
3457
4930
1442
6734
4545
8692
1528
2596
8707
1271
5857
8753
7833
4237
3215
8308
5036
87
392
4241
6150
6321
2541
810
7460
7905
9190
2456
415
2590
8655
872
9211
7472
7252
3814
1290
9825
5256
987
3323
5045
6451
2126
5782
6732
5681
8074
7457
9219
1160
5359
9380
3773
5821
5028
9095
5362
8717
1937
1111
9641
1045
7658
2752
3186
495
8728
7546
4842
5329
7504
4261
1210
2389
2792
3752
9391
1764
5081
9503
451
3386
8393
2802
7212
6064
8676
8045
2771
8996
4261
6432
2973
9686
5363
4095
4125
3131
4808
8675
306
6012
1257
6680
9510
7847
9455
9974
3162
9393
3504
441
4576
373
9512
6182
4911
1606
6906
7115
826
1174
131
6812
6555
5145
9067
6070
4947
5157
8799
495
8201
2120
9357
1623
819
2271
8967
8800
5675
4049
6684
8112
9290
2121
3289
2623
5955
2497
234
9957
6312
6406
2840
7267
8375
4769
5625
1447
6614
6945
1156
5774
554
6765
4471
2570
1405
2806
5530
8478
4882
5400
2592
9248
929
6401
1548
9054
5527
7087
8673
3859
5655
9846
6396
4611
5799
1257
4388
6515
7123
3342
1757
9524
18
8047
4976
8438
7702
5445
2224
3784
7164
9212
956
208
884
4760
5520
3054
5706
1824
7339
2640
236
5864
263
8091
8142
6660
4237
3530
2305
6719
9056
8504
6420
4730
7897
6847
8053
938
9435
3609
6028
7596
4765
7531
1982
2803
820
8723
163
9724
2484
778
2860
3166
1502
7100
2867
5608
5189
1191
8090
5840
9363
220
187
6335
1346
506
9934
7661
5249
5361
9197
5675
1023
2114
786
654
4186
5028
2544
7378
1107
946
185
4655
479
4342
4376
1947
6443
2088
167
7917
8265
4432
6539
4058
4785
6514
1397
5505
3936
1052
4396
6874
2175
9466
5272
4246
9908
6482
9999
8618
3326
1689
2173
3128
5623
8282
3184
7231
7703
1548
4596
1872
5377
2593
4086
9037
3867
1738
4911
5972
9623
8591
6992
7905
3968
6041
8842
5744
2567
8434
1141
4779
4741
9346
9465
864
5693
1524
6518
4991
1635
5472
2403
1673
3550
3989
3047
7532
1398
7742
4767
9052
1927
2644
3048
2556
180
2225
9545
9893
6035
5974
8588
1998
1188
4888
9882
7186
2594
3722
7969
7563
8114
9191
9691
8002
1418
2800
5055
679
2688
3947
5256
4956
7364
8475
4208
15
3579
8232
1078
6562
699
4238
5979
4063
9524
6289
9734
6651
1990
9309
9117
1099
1191
6453
3389
6956
3223
4821
1252
5474
2908
699
9512
7606
8554
4508
1097
6075
9908
7694
5673
1503
5130
4912
8148
2513
8298
1155
4
9673
9146
6964
7
5389
7468
4781
6418
5794
3043
9801
3660
7360
3388
9383
1762
6207
2322
5584
5706
966
8396
9158
9294
5555
5187
8501
8663
1215
1528
7625
4964
1873
1016
8710
9847
6881
3539
7059
6932
5124
924
6451
6668
4636
6330
9527
3950
3802
1103
384
472
8963
6654
1518
7834
6059
4107
8034
8630
7759
8591
2562
5493
2225
7177
4211
8457
8538
8236
1258
5166
8683
7893
719
9932
886
4095
5823
4185
1671
1725
8335
3286
2880
6780
681
82
827
4816
5952
8863
273
3029
2801
495
5848
44
4037
4673
9121
7352
8999
3163
9097
7461
487
7868
3140
9539
8095
7960
6485
4492
9707
7879
9842
6600
6467
6239
3092
2268
9709
7420
9262
5838
7258
8386
1767
1655
3267
69
3710
4664
2030
1928
8091
7415
3827
8512
7757
4638
7213
8953
8903
2601
7903
917
7507
5446
3388
2575
4930
5629
2054
4465
9596
2345
196
166
9819
5815
237
4281
1721
2998
5371
2451
9236
2659
8852
5276
9130
4123
7722
2673
7351
28
4393
7051
4135
3218
3393
6618
3757
880
3893
9730
2756
6504
9707
7773
2118
9604
1969
1201
7542
968
5397
209
1267
8965
538
2113
984
6191
457
3534
4289
1309
1908
1322
6111
5868
8062
2352
2580
2962
7154
6913
7127
3373
5717
4363
5936
2968
3931
805
2462
9831
10000
4400
1927
3637
3545
9250
3038
3946
654
5302
9975
1445
629
4209
8327
438
6562
944
8976
8927
7658
2716
9233
7772
76
5722
7397
2163
338
1196
9206
465
2453
1106
3088
9605
6600
69
6106
1703
6420
6036
1904
1782
2656
6974
2729
5663
6866
9118
2414
5829
938
3395
594
7412
6460
1281
990
1571
7033
5194
6390
8440
730
3420
1849
3236
875
2275
9750
2954
6833
1415
1116
4324
4993
5485
6748
6937
5426
3297
2986
7277
2422
582
817
8336
7639
1828
4684
5138
6377
5340
4481
8682
1523
7157
7722
5509
8609
9011
5969
4356
5851
8726
6805
178
1626
3468
5379
4776
4535
778
6717
7861
8898
8185
399
8301
7320
1706
1404
3586
310
9606
6282
5515
1853
7311
2447
3641
2926
6512
7615
4010
1798
1001
1431
9459
8235
7114
1770
3751
3127
2516
3113
1044
4169
3873
1914
5193
1986
2554
3346
6953
9366
1861
6507
9191
4700
5243
4863
9288
1077
4052
2090
4991
4363
531
1148
3545
1931
2378
4183
5412
3386
5470
634
1360
383
5634
516
9471
2196
6068
4407
1874
3919
121
229
2109
8490
6328
3329
6563
1877
7708
3618
4092
489
4014
165
7449
9607
7737
3897
5968
5475
7541
8638
6721
713
4352
8673
8632
5127
2801
4693
2739
9609
6347
1117
7576
3604
8468
4853
1570
7770
1220
9562
1793
4536
4257
2383
5691
3927
4304
1648
2561
6488
6709
3738
5626
4156
9119
9672
1744
2896
329
8800
6647
7501
8668
8035
594
8688
9610
6635
5970
9162
2498
362
6033
9481
9781
7391
9090
4456
1052
3375
8675
262
4649
478
8611
5481
1116
1767
1787
7248
6296
3551
4464
9285
7048
6812
7039
4173
52
1405
6086
9606
7219
3001
2491
1578
8190
7064
738
7260
9249
5339
4978
2944
5918
3697
6249
9198
1130
5424
9703
1063
4806
9515
6320
6937
5508
2875
8801
1903
3233
7340
2687
4673
2960
5957
2840
2645
8795
6749
3089
2534
9810
6865
9470
7180
5522
7019
3712
4947
7087
3253
1158
2376
7955
1113
8769
5403
4206
1972
5313
6219
9024
8885
4657
2286
5395
87
6492
151
8134
2209
9740
2306
956
1625
3407
2050
2625
6235
2985
9143
8235
5695
9346
1433
4533
4802
1038
6029
4282
2696
693
4426
5703
8437
8265
9555
809
1740
9764
1130
5464
157
1468
2556
3812
3097
6250
4877
1191
8266
7721
455
3042
2732
1389
9853
4980
4902
6423
903
8240
7151
4169
4411
2184
7312
5910
387
9991
6267
611
6173
3969
4652
2257
7645
545
3930
5552
1131
7146
8828
9178
6158
7113
1885
1245
5408
7494
3951
2859
4510
3606
8294
7146
420
3791
9562
2252
344
5734
8031
7169
4876
3334
5322
8400
4605
6834
6972
2625
7099
5488
3465
444
8713
2174
324
2820
3384
2460
827
632
945
4659
8917
9945
6016
5977
8797
9122
1390
1924
5153
8755
6370
2030
9195
7170
3659
2004
5652
1496
1934
2331
5988
2635
9392
8379
2362
162
866
1027
420
1737
1654
861
6734
1226
8430
9295
6967
4879
4552
7751
7119
1927
4121
3066
6461
5130
3534
6328
519
7778
7043
2693
440
1002
1941
9925
9556
2354
5427
3303
8872
9548
7625
3178
5444
7947
4895
6302
4188
1450
8024
5477
3535
576
6580
2676
366
8216
1948
6724
9234
9614
1902
4954
1353
6942
3282
1997
7382
6030
913
5828
8747
8649
6442
3817
2862
1429
3194
5193
5146
3928
2806
4365
7726
8461
4955
2603
8291
9220
2108
43
41
5520
603
8388
6826
1730
410
3254
6778
4186
7604
5415
4372
3587
4525
4195
304
1911
4554
5934
1763
4532
5358
5540
4884
8984
4964
4367
4759
2953
7734
6313
9361
3507
1978
656
9350
5400
1888
5004
2497
2064
2116
8115
7536
8613
9393
9754
1091
1637
6289
5776
4138
1013
9341
9658
6771
434
9022
2670
5265
8678
3149
3873
6508
6634
6064
1498
4802
751
260
9895
3047
7707
1099
9207
5029
569
2171
9178
9071
4897
602
6247
575
4812
2280
6979
7221
9106
4667
6418
1936
1119
6351
1438
5613
5641
6663
2459
9486
9146
5794
8522
6967
8253
5615
8768
1280
1211
783
8963
5331
2899
6968
2991
5649
7290
9019
5872
6487
1966
4424
6680
3833
4505
2920
5290
8041
6441
210
6816
388
6201
5030
1222
4390
2691
5097
1203
8495
9827
302
1283
7143
7162
9222
2279
9192
7271
808
710
1794
8309
1125
9568
2373
5475
5152
5451
8531
7610
787
8151
5741
4764
8013
3954
4930
5626
6731
109
3179
6208
249
4405
944
5568
8426
3647
7753
8049
3533
2422
821
7939
5556
7224
777
7542
2922
8074
2392
4720
7908
5179
8142
5408
3536
3867
6979
1006
1665
9499
7031
7534
8574
128
7483
8731
7039
4544
6219
9455
8259
1448
6882
2850
1025
5067
8443
6932
5295
8984
950
2615
1368
5956
9050
1784
343
7411
8477
6806
2020
7843
5384
799
1803
1929
8204
9637
450
2875
4907
1487
5771
518
4468
8059
885
2081
5868
5314
2158
5817
4072
3911
310
9885
2648
7649
6025
3034
5958
8855
8922
7416
7171
7059
2758
1098
8372
3060
1197
7541
5465
8331
2641
3564
9634
1998
5091
5888
9246
6135
1656
7056
4805
217
7467
6043
5989
2587
6348
7097
5218
8314
4140
1039
471
9246
9260
2144
1843
3221
2668
173
7192
9332
605
1361
6728
9815
9530
9301
9090
5419
5111
1538
4276
7580
9103
1001
457
5964
3077
832
6437
4222
8453
5900
1968
8233
5498
2440
7100
5787
6223
9824
2535
7689
1609
2340
6448
4583
4183
7536
7580
5929
4810
8943
3001
6771
728
5480
9823
8309
1485
24
4334
6382
2343
2404
8230
7670
8752
3623
5346
4454
1748
2815
7477
8968
5362
8048
1695
5651
2999
9908
3789
144
2132
631
1884
200
7668
6355
7283
3798
9237
693
3914
1629
8261
2055
9874
5269
3834
4521
9129
7438
1435
7194
5978
7180
8672
9043
4499
5495
9193
3870
4571
3490
6859
2067
5399
6470
1046
5467
7884
6643
3571
7708
7058
26
4634
488
6554
3653
8610
4258
411
3516
1933
7219
9351
606
6395
6078
9143
1035
1397
577
8502
2375
8189
9915
443
5151
9359
8133
7212
2962
352
1618
754
3093
4771
9220
8832
6995
5539
8708
2035
1016
2419
7472
5860
7951
9032
5518
9399
7744
1801
6035
839
6302
7808
8023
6185
1747
8679
9249
904
1262
2476
593
5038
1651
7814
2016
7804
9676
7365
1679
7906
5006
6216
6058
5714
8546
2979
1817
3744
4916
6929
7767
1723
3152
7062
7256
9150
7176
6224
761
4454
2917
2518
3529
7546
7903
1655
7057
9349
2190
9507
6241
9008
6292
9394
5605
3138
2057
7856
993
3412
8143
2477
3274
3776
7300
4725
710
9460
8755
2006
1206
6389
8258
5863
7709
8588
98
6479
1070
2651
9207
5048
215
9097
8300
5021
5375
7954
9920
7684
6745
6606
7876
5949
7881
133
394
666
3810
1053
4291
9881
2320
9647
207
8866
1910
8763
7099
1809
6446
8375
6401
6890
8674
6171
1851
9175
9929
7728
9299
1247
7731
9162
8699
5283
8320
7494
1398
713
9035
4769
2993
1721
2733
1748
8076
8528
3621
7219
7656
2472
5121
160
9995
1646
3517
9984
2056
5085
6568
7465
3105
7631
4219
9318
1335
9117
4938
9265
7636
7268
6116
9486
7581
4474
4045
2592
6647
6392
4588
298
9464
1873
7181
4884
1093
9046
5244
9263
2686
4403
2101
1095
5992
5048
9605
8209
236
1147
7193
8907
262
8205
9623
9522
2303
9441
1511
6828
7621
6975
6111
5482
3179
6236
7267
6279
1035
9872
6437
4780
4801
221
3675
783
7740
1435
4645
7737
4510
1099
4185
3153
5348
5516
2231
7968
6286
4914
2436
8935
8564
7821
9138
6895
2915
5912
709
691
1667
6540
7032
8019
6805
9492
3105
612
1440
974
9152
686
1783
7284
4909
6206
9817
7766
1604
4728
2432
7660
7348
7441
9220
4324
5902
591
5646
3773
7838
5374
9988
7313
9813
2974
3237
2501
5563
3396
2064
9548
4309
5335
8849
8378
7268
9509
1562
3687
9864
1148
440
9532
9647
3080
4719
5612
4799
544
2058
4349
8712
2539
4412
6838
8406
480
7749
6038
1732
7357
8081
6958
2280
4015
6874
2791
3257
4470
9383
5949
4081
3932
7881
8889
8584
3131
5796
4193
5877
5807
647
1700
921
2165
2570
4130
7462
6179
945
8939
1968
4942
3962
2961
8526
9555
9617
476
7910
3881
6883
3067
6547
1520
2219
8024
7210
5640
1239
4580
4358
8829
6056
6235
6134
6365
7932
6171
9781
4793
7809
8226
7922
1262
7389
3120
2653
2539
3061
3257
2285
3752
3796
6629
7340
1575
8751
448
5497
7141
5486
5648
4050
2778
5428
8971
1029
5463
5338
8857
9440
5034
2040
5458
4166
1756
4709
4281
4667
4401
1426
7434
1695
154
2894
3305
8717
9847
5545
3747
6849
6476
8519
9807
5985
747
5364
141
4332
534
9456
1098
5594
7229
7724
7949
2707
5417
2378
9078
2693
7167
2670
6267
3342
6306
8612
1387
6631
4845
7192
6256
4531
9953
9343
1921
1280
3644
5122
2865
126
5875
3949
5978
2595
2424
1828
1413
237
3592
4094
9547
2550
965
2517
2428
4085
7331
9907
8434
1947
8128
2269
9802
4402
9108
4480
2709
2325
6365
1716
4280
2324
7371
8307
9883
5370
4720
7160
8912
4019
9599
2969
7563
9074
5636
4751
7684
5341
8889
6285
6336
9174
6869
9736
7587
3844
8429
505
2812
1887
61
3402
6355
9388
8005
4062
3271
1410
505
8129
1807
1441
9218
2121
3410
8077
512
4840
9852
6809
64
7466
2486
9458
3150
5535
5949
4562
9585
7715
1941
2146
3621
6719
2628
7779
8252
8263
8647
5906
8523
6480
2152
1934
4509
5781
3941
4866
8253
7763
9465
1506
2815
616
6226
7670
5267
5251
4174
7911
2742
8794
5569
2152
8258
3649
4189
3616
6147
8739
8440
1476
4638
7409
3565
6818
8898
996
2268
8543
3562
7776
813
4799
7626
5429
509
4491
5551
1904
575
4754
4189
3773
7850
9846
1093
831
660
1138
7568
4189
7498
4464
3705
5839
2577
2414
3330
5553
9718
7396
9039
4813
4739
1819
4263
6336
2057
8837
729
3512
2083
6798
6726
173
5629
7754
5033
8253
1460
9516
8162
1104
5647
8088
4177
2283
7284
8637
9807
5119
7289
4756
1371
6137
7677
7644
3912
8615
2324
2397
5692
4681
6353
5745
1789
4050
1911
9637
3449
4615
2745
2904
866
3333
4704
9605
3332
4946
6355
56
5268
4700
1091
2396
5949
803
29
4697
9221
7844
9325
9355
8506
5817
852
5314
7621
7433
1271
1181
6343
7212
3364
1924
3768
3453
2225
2638
1035
3378
4028
6179
5971
5959
5474
8943
7865
4059
3376
664
4959
8155
535
2854
4757
802
1656
2318
769
8511
8574
1851
3697
6120
2684
9755
5177
8489
9523
6417
9389
5694
981
5822
9028
8422
4339
5771
1506
7568
8513
4627
2341
4521
8349
7548
6992
4874
6490
3817
7726
9338
9385
7446
7839
6575
8671
8867
2703
27
7423
7295
1072
5742
9204
2034
498
6998
8058
2082
5240
4432
2336
3260
7951
3029
933
8483
6488
7751
8681
9141
7440
3064
9621
4704
5457
1096
6747
19
1197
8293
1225
5362
2965
6061
7389
3765
1096
4834
2824
6611
5306
3012
1634
9335
2341
4059
7812
103
5145
8159
2920
8391
7119
528
9778
4956
8057
6654
9823
1993
8069
1949
8641
464
9328
915
9520
7339
4738
1105
9161
4559
3816
5451
6438
8377
4106
4333
7282
2695
157
9693
8959
9296
4453
1865
3196
5551
6190
5941
9013
4598
5926
2455
143
8187
4533
4784
6392
6688
2945
9739
2559
7902
64
5779
47
3377
3753
3653
8057
6855
7036
8759
5964
4594
6649
4147
6615
456
7783
537
5344
321
7021
9833
5638
699
6050
7845
7197
3337
5997
1073
452
8309
9161
5886
7649
1037
6146
1883
7465
6637
5087
3132
2748
5286
4116
3947
5020
9316
4489
9999
521
5334
2043
1133
8334
4410
4908
3372
2380
9742
7573
6358
8073
724
1291
7658
9446
2000
7425
3731
6165
623
9400
9263
4157
1372
8585
9525
8660
8152
8690
3055
6198
1621
1747
7188
415
9559
8284
9257
7271
2241
7639
6743
213
7879
3115
3165
1759
5428
9973
2818
9242
28
8208
6768
7660
2248
239
6426
1169
7150
2503
1730
8102
6286
6861
8561
544
3553
7405
9171
1786
9569
90
8962
1999
1685
6155
6455
8279
757
8072
4847
6
4012
5035
8155
8848
7178
1351
5751
9170
6424
4638
9874
113
5516
8626
4435
2876
2002
7914
1562
7215
8922
3658
2637
1987
1187
6959
2583
3407
7403
3560
7106
2755
9007
6870
2979
2859
5805
1820
9121
4325
5501
5657
6126
4538
1454
279
643
1394
6784
2975
949
8987
6940
1775
6200
8952
6975
7287
4032
4787
282
9465
4059
8617
7585
9374
2026
3640
5167
3089
8918
5957
1205
2582
8436
8649
9964
5873
6247
8099
9492
4338
9027
5493
499
8571
8052
327
5874
5335
9236
9567
2541
6981
7038
6538
9829
7112
5128
716
7052
3634
8639
3995
4843
2821
6870
3569
5852
9080
4723
5051
2677
1258
5301
6099
498
4276
733
4927
8516
3597
5081
9523
2252
9384
7018
7781
4911
5639
7946
4213
7144
509
7627
9477
8578
5677
6006
2247
2138
135
6729
1518
2211
5369
2329
1061
6310
1292
5621
9336
6199
5657
5257
5104
3144
8863
3651
721
5545
5933
7210
7730
3386
3264
7540
9540
6089
1597
2136
7814
4425
1476
1311
3667
1726
5174
8690
6050
4159
6563
5693
1190
4906
1461
9921
9121
2065
7057
9714
3741
3350
5321
375
119
1393
542
3805
8928
3380
898
4323
3683
3260
48
1680
183
8354
8859
399
5397
3393
5965
7857
3794
815
2353
9883
5652
1940
8192
7023
1552
600
5001
5006
2879
2066
5826
1632
8812
5230
7900
4245
9261
315
8254
8207
1206
4606
9382
6869
2427
4992
2422
5768
8074
5282
5915
7246
8433
6595
9142
5597
3998
4202
6735
6218
4768
7704
7330
7519
2894
1074
6698
9383
7948
8094
9243
7252
3543
9989
5821
3461
5542
3936
7222
9622
6362
5511
7258
4091
7994
5117
7015
4911
4271
424
2787
7651
8435
2036
6164
2955
4686
2352
6934
7730
9280
1939
3417
5989
1673
1021
9742
2381
1162
7946
2551
7778
1352
2821
7107
3058
8948
4791
8713
6149
8299
7812
6587
4601
4096
2904
6010
2859
4708
692
1905
4405
3751
9676
5325
3339
6131
5489
4027
9563
8488
7321
5784
7652
1518
6601
7460
3746
2721
2525
6609
2409
9111
3243
2929
6325
1290
7067
2223
8817
3394
2234
313
115
7403
7682
6892
4714
5739
1737
5051
2305
2975
6512
4483
7526
9565
420
550
9355
3799
5146
5785
9555
9980
5153
9484
4706
1601
6319
6377
1084
6209
4623
504
5985
3383
3758
793
5343
5710
3783
4017
5615
366
9961
6240
244
8723
9161
6327
7916
9053
2825
1314
8094
8536
6753
7296
6815
8358
9548
2641
6535
8418
8280
6950
495
9530
5362
7362
3833
9827
5042
8837
2187
6274
9783
8623
3848
3494
4345
3162
6435
9749
1392
9175
2782
8194
5792
5985
9388
1037
5096
624
9221
446
2413
6550
5289
5400
8314
4523
2197
4131
6955
3341
6534
8088
8808
6848
8118
4771
4997
4439
7705
4129
6343
168
8810
5900
7037
3379
4720
7626
4298
3455
8736
927
9628
9136
8288
2461
7812
1354
9961
464
857
5906
559
343
2646
5514
379
1516
3774
3561
8773
1727
8795
9753
3260
1817
5944
2259
2373
9335
1376
2727
7775
6314
9412
7719
7694
7766
5341
195
9266
2441
926
9881
6185
2019
1291
6895
4442
3860
6360
2599
1449
4474
8146
4662
9781
3854
9130
5692
6897
2958
3704
564
8076
9849
3613
9954
9282
3113
1361
2416
4115
620
3030
6343
983
578
4087
3718
7620
9472
3928
86
195
4185
1564
7407
1697
3613
9351
6020
6710
97
5827
3478
8893
3828
6617
4042
4831
3750
9578
653
866
240
2494
2521
7717
5019
8889
9153
6666
4067
8283
5906
8541
9691
5455
3176
7836
8645
2663
3273
5102
9171
2200
1764
995
6662
9270
3165
4314
1893
5795
3077
8920
7652
4333
4580
2093
2249
3384
2100
9558
9467
9608
449
7596
3906
9182
1634
5439
9593
466
6828
4019
2698
1982
3026
1354
8946
1032
2221
4849
3413
4189
5719
9113
200
2311
2114
9835
9371
1934
6180
8753
3847
6959
2541
7994
8310
5377
4712
4540
4037
2302
1657
9298
7472
4836
69
4860
3592
922
6455
7451
4912
4557
4982
1047
6394
6568
5154
330
5109
4673
9468
5539
2926
1789
8920
5257
4454
5900
6967
6320
1448
3915
4800
6383
5860
5424
5705
3821
7611
8089
8423
6252
1691
3350
8373
4916
5370
4695
7354
3658
9999
9436
5123
2206
1170
7434
8260
4005
5996
9945
8230
6416
1165
5152
583
9347
4451
4712
8183
7103
7811
1633
9528
5638
3521
5089
2473
4542
490
3289
4876
1544
981
6155
521
5536
9363
1494
9429
9240
7579
1954
9295
5780
7064
4678
127
2298
358
6550
5905
2380
5585
480
1184
9136
932
7608
630
8892
9088
8574
8096
3540
1937
4785
8333
4018
2781
8735
8811
9826
1116
3848
2223
2778
9794
4655
3869
9579
6659
3368
2926
7414
9584
8574
9871
2508
4759
211
3901
5816
6461
7253
7886
7910
6260
9596
8547
1801
9475
7235
9146
7580
4706
1962
6477
9258
9666
9949
8441
730
2613
9591
8359
3125
5895
9145
1809
4588
8245
2391
3168
5433
120
9264
1438
5555
9117
9012
9995
5692
4202
1363
3098
4606
9992
9782
8555
8118
3351
9962
7626
3689
9019
2490
7105
1985
2664
9165
5480
3510
3332
6780
4417
6651
6065
4540
9118
5751
5461
5728
1011
3964
5016
8096
2026
7947
3480
4737
7131
5063
8772
863
5582
8167
2264
5321
5860
9656
4938
6473
4040
1775
3157
2341
4714
409
3790
8315
6073
1631
4140
3775
5665
780
2542
8287
5716
2013
5020
5864
3211
4628
718
7402
92
4689
661
4628
9071
3009
564
6163
1665
7140
9791
3424
2295
3339
7416
5414
8038
1626
4337
9876
1694
7158
5030
5825
5829
3997
6848
2477
4455
6614
3525
2055
1142
3950
7040
3547
591
3281
2686
8045
2127
8658
8088
3082
7027
5065
7130
4110
863
5818
99
2557
5711
5157
9978
8752
9660
1936
7379
8662
6539
950
3088
5443
5108
3044
6353
3911
2105
3690
3863
6880
8297
5809
9466
8041
3763
293
9400
8925
4864
9588
5583
2628
3053
547
1096
7127
9274
4524
1104
5640
2979
4847
9013
5317
5037
6732
6769
5566
8945
7279
1255
1330
9865
5675
8996
3810
4791
6320
7957
5708
3318
3355
3398
5728
917
145
6708
1044
7730
2263
402
6133
4668
4723
5889
2896
1152
6181
8161
7037
761
3332
4719
6957
2036
3057
4185
9853
495
4130
933
1022
6774
8737
323
124
8677
6636
2425
5151
2896
7943
1170
6644
2975
6565
422
6908
7110
8520
5967
5694
2205
2549
5343
3630
6872
1799
5752
3294
4487
4041
4960
1569
3834
3998
4492
7597
4051
4069
7063
8037
3157
6130
7122
2937
1858
9430
9700
181
3376
9761
7641
6726
8222
8551
7142
4324
6594
1810
2451
7980
6020
4946
4465
7536
1522
3206
1639
8190
5678
8167
7980
7725
986
5552
7702
3747
5500
4976
8784
8264
7617
2457
3364
4380
3145
5350
4656
4897
8495
7246
4875
5183
8713
8390
9043
7589
1150
1199
947
6277
8339
7580
284
3897
6790
6756
5821
6137
8199
8952
9952
3911
6531
5109
6142
2204
8382
1882
2972
5353
8986
5097
5591
4994
1554
7194
6940
7417
4136
4548
3414
2586
4221
616
2755
8494
4987
1219
2161
5542
1375
3367
334
705
9907
6216
4244
1221
7559
4879
2708
729
4591
1684
1244
5846
6497
1281
2221
4738
8626
3129
4024
2844
9822
5914
306
2698
7785
9034
7960
7974
1499
8611
2088
26
4666
7116
6495
2278
9078
8540
1701
2994
6204
1016
7586
914
7821
4917
5851
3301
4855
2534
6275
4298
1473
3614
1534
3076
4385
8224
3779
7827
151
4812
7211
7620
123
6541
6251
1298
3806
1603
2291
738
7627
8034
8072
8641
8414
7541
6584
7947
4214
1709
6320
7223
6850
6661
2729
3451
3576
7828
6113
8711
923
488
8203
8018
855
3777
8264
8407
5294
5759
3979
115
246
6970
6065
4705
4229
5162
6462
6777
1781
8085
5086
1919
8584
8735
3015
6099
9155
2760
3786
9855
3715
9309
1990
2243
1731
7111
4894
5343
809
67
359
1026
7687
6269
3064
7642
1449
5178
6336
7842
6326
4435
6604
4811
5595
2279
1065
1028
500
5958
6570
3365
9684
2928
5997
9839
3790
6607
8719
4331
6080
2196
2546
8565
1587
7285
1628
8448
7267
6636
2688
3083
3823
3693
8566
413
2630
9717
978
5436
7203
6009
950
4561
4243
397
3695
7052
1742
7928
7353
9759
3037
7195
2473
1878
7044
1718
7749
5170
5276
8776
6227
2161
6979
5204
8505
3168
9114
7305
6237
8914
1582
3546
9248
3729
5409
5690
6298
6838
7951
4391
4248
904
98
44
7949
1783
9889
2967
5325
6104
5516
4583
7723
3192
3523
9116
4344
6151
7681
807
4426
8925
2271
6872
7520
7969
1426
1027
351
6597
7448
4685
3469
7145
7644
1191
7194
3338
2695
5020
8272
3481
5706
893
8285
9454
4230
3411
490
7057
5794
5806
7527
2320
1283
3543
342
1428
9681
6627
9103
5913
270
5915
2729
6654
9575
69
657
4381
2557
3353
4805
3407
9992
5618
7254
9519
4125
10
4630
4661
7659
6174
3921
6149
9814
3453
2428
4463
7151
1268
4468
965
2937
7407
6555
9207
4901
690
2020
5220
1390
5629
8713
1799
1808
6803
4292
7378
9037
5365
759
7828
1653
8571
6815
3087
986
9287
6851
2872
9736
3137
8809
9814
9679
9646
6955
9846
2276
6976
3934
3920
8089
5745
6630
1616
8795
7195
9164
2911
6100
6509
6698
5843
7603
3053
2242
4651
4576
4496
2579
1673
1850
5019
1513
7271
5269
1903
1633
5221
8117
4777
7308
6256
4250
4939
6542
3543
2324
2054
3147
4008
2327
6117
7129
7193
6587
6397
4427
5209
3155
7184
1770
9770
6640
6889
5509
4605
19
762
8386
1315
3447
2209
5628
3218
4273
9043
9657
2782
357
9807
1990
9888
5639
9035
6312
9875
1786
4036
8854
4634
8684
3597
6231
1963
1244
448
4236
2415
9916
6221
8443
6857
3242
4440
9645
8485
9438
1539
2305
630
5353
3196
4167
1525
5750
814
6349
7911
3430
3028
6352
3932
6176
550
8211
6880
7599
6175
5462
3557
7581
1126
4254
8004
199
1693
7159
1005
643
7000
3120
8121
1689
7349
296
8071
9338
3129
8782
3283
5302
6138
8292
5887
9629
5531
4107
6328
8606
3804
8744
8700
473
9149
5076
3432
1671
2461
9263
8769
3661
6155
5546
965
3611
6111
2708
3024
9566
2416
8320
4369
7356
4952
589
2316
7120
7917
8262
7886
334
7174
7760
9636
5115
978
6649
7933
8736
5496
4353
2239
6594
5618
4353
9157
3423
725
9111
8693
8593
6382
3626
6802
6132
4125
1310
9848
3198
1522
1493
744
5522
5217
2578
1427
7378
663
8885
9194
6570
7586
128
5709
8267
3138
1263
1108
9544
1598
550
3270
2791
2336
75
3396
9560
5309
9368
3265
139
9772
4479
5638
1609
5682
1124
2903
3361
7640
488
8576
2902
1210
180
4576
2856
1208
3809
9534
5317
4141
4793
9293
7147
2551
6216
8442
1884
4034
7603
103
427
67
5348
6912
3865
1349
3378
2809
9535
3805
9764
3379
1594
4345
5251
6548
662
2728
2885
903
5190
7610
4041
4586
1741
6133
7800
2241
5934
6723
4255
8608
2181
1256
6625
8630
4618
3143
8481
7782
408
3343
803
2277
6653
6697
9796
4870
2751
5154
512
2758
5376
5376
8150
1191
3308
2914
5342
9913
5957
1672
5193
7475
4651
7344
278
8007
9311
7873
1740
5376
3443
4704
2154
6142
6008
8464
8188
7137
1485
5536
4512
5318
2462
3200
9304
2922
1651
9451
7526
7066
9432
4883
2658
2045
1256
4498
214
2197
515
1839
3202
6147
7715
845
1206
5860
5457
4136
480
183
7477
9719
6999
4479
2074
5779
6922
2280
4593
4091
7232
7660
3579
9094
9252
4392
3770
8711
9622
4583
3664
6078
7614
9231
8768
9274
4748
1444
660
3563
5676
7516
7469
8378
1707
3542
4817
4135
8323
2527
4073
6684
635
1860
5346
9070
7040
5063
637
9947
7255
1478
4873
8133
2473
9249
1756
8758
6427
4181
1038
5770
1106
3413
9006
7407
9598
7079
8822
1996
2375
6154
7588
3019
3656
8687
7802
6057
4684
9567
2646
6657
1011
813
673
2526
5918
3101
4259
1975
9233
5937
4110
2444
4984
8553
5045
9551
2878
5815
4162
3281
6739
7977
8166
1010
9899
6278
3332
9463
5829
2844
8205
1054
3450
9182
451
8871
4729
2466
131
4964
5133
2538
7506
8813
6189
4899
1419
4237
9222
4625
8707
2062
6162
3410
6922
6484
7248
4907
9124
3057
3030
3238
1456
8107
4464
1852
7647
766
5767
1875
8257
7840
9951
8400
9729
8570
4160
9416
2415
1357
1211
4934
8795
3812
7466
2900
2696
3883
46
5475
8991
9703
342
3214
5199
8205
9386
9498
6278
1588
5789
6666
163
166
1930
1326
8802
7301
5308
5507
2781
9319
4169
9457
8589
3301
4258
9019
5014
7470
7023
8623
5023
1551
9885
6834
7652
1112
1243
4481
9657
1172
8285
5712
1024
3058
7580
8183
2816
1718
4216
9971
5637
7732
3272
9828
7792
3650
7144
4751
3937
119
1328
8171
9244
5340
6649
5985
6350
9056
740
2723
3708
1161
8634
6016
3653
4923
4187
6918
1917
3592
2229
4087
8186
5753
1220
9274
5272
1459
8307
7503
6564
2088
6868
5465
9869
425
2969
3978
3349
400
4913
1727
467
414
2144
5479
2492
3636
792
3058
2622
6827
8089
1249
8273
4258
303
4234
3662
1666
3171
3206
6450
7177
4798
9569
6944
5526
2487
4256
1407
3732
7938
4204
5714
8386
6052
752
8853
5770
8416
5990
8661
9288
1806
7958
1495
6457
3260
6230
3993
6253
1890
511
3299
4393
8474
5713
4315
2179
8512
5320
674
3425
1484
4543
4882
7694
5001
8284
891
4218
5829
1124
2051
8266
9935
4901
3357
239
1974
7548
6724
7473
5162
163
4664
3374
8235
5789
5521
7485
5733
3036
5245
8486
786
2271
384
8167
4215
6255
374
1828
1127
617
3714
8061
786
2525
5752
6017
9004
4635
9324
2048
7596
8370
9091
5324
2921
9038
6992
1750
8859
6084
2276
5333
5798
5721
3175
3100
2392
8343
3577
2292
4188
6887
4643
2125
5614
1845
2976
1275
78
7491
930
6267
1343
4589
3944
9518
5558
1502
4096
9579
1923
453
3896
7686
2021
3616
4517
6755
3884
1730
3806
5323
7402
5041
7525
1711
1474
4645
2350
8377
73
5640
6539
2139
7050
8486
4408
9610
1908
183
2164
2773
506
4564
5094
3115
5108
6634
961
351
8901
2751
420
9792
5430
5361
9427
5811
4082
7903
3411
2699
202
899
6165
6623
6264
7867
7208
7909
2256
3362
3412
9612
6529
3688
1017
7799
728
4057
8812
1509
6095
4413
1742
9730
726
2639
8950
7551
4908
924
7753
2630
4063
2747
4058
3215
7142
8057
3839
8345
6588
2500
9233
9243
2565
5915
1615
1197
1350
7861
7888
5347
7490
5688
4163
9976
7113
3508
3849
3591
3684
6454
452
9573
871
8024
1457
3511
5288
5008
735
928
7739
1655
3733
3538
1921
1809
4203
6410
4333
2622
4868
9300
6988
5220
4298
197
5943
5933
6011
1323
3553
7389
5059
3229
2780
1692
2361
8028
8203
1194
949
6558
5455
3360
7168
3124
394
1666
3485
5707
6905
5785
9183
4977
4599
7438
6531
2399
2609
9338
413
4300
6615
6288
9673
5646
6612
3870
3557
4646
8923
674
8209
3488
4656
1868
8056
9698
6908
5491
6349
455
6995
8782
7922
6754
414
6647
3062
9836
9185
4406
4395
4476
3501
3151
2584
5047
5872
6667
3159
5088
9707
9120
9477
1936
8660
5801
5192
9959
1157
2802
4885
593
2183
251
8275
4510
1961
3523
2041
6159
8951
3046
5094
4122
4434
4159
4675
4312
992
5817
9647
8812
9472
1366
6012
5599
9012
5328
457
7045
7728
2286
165
9560
5491
8531
6199
5844
4140
7300
6508
9510
3296
4968
3289
2080
7472
410
1055
4336
2447
9854
3924
3679
821
8252
1009
7230
3857
8739
6918
3669
4688
6914
1377
2846
4470
6509
8986
2605
2117
6289
8328
4434
9261
1499
237
938
5026
4689
6437
2882
3177
3137
4301
3055
684
4400
3537
1694
9439
1039
1338
7228
7881
7922
9747
6983
827
7770
9227
8967
1580
861
2031
3755
6514
9929
5619
3890
8871
8173
6759
2473
442
2691
139
1496
8011
1334
6628
8741
6120
370
3781
1471
246
3727
6563
3240
1454
2861
8381
4192
2879
6959
3378
7516
2075
9178
1302
8300
6395
8846
3875
4604
610
4103
4294
3496
33
9193
6803
772
6042
9199
6467
3875
2244
7654
5313
6424
7702
5694
4584
5706
4110
9883
869
103
1041
6245
6910
7388
176
1388
9281
4430
8278
8606
5080
2188
8157
3882
7030
9354
5710
6665
7264
3865
3425
1280
3934
543
7980
1281
5242
1446
8338
2850
9152
7085
7335
5201
7921
4588
4897
5683
6500
2152
1559
704
8813
1694
8482
8081
2492
8931
2424
7977
3222
1125
2270
4489
4688
8162
9862
5883
7561
5049
4808
4853
880
2294
271
8838
2187
9785
790
2942
9968
1394
2567
166
769
7949
3695
9053
1420
9177
3256
8517
1783
6823
2670
8928
9790
925
5994
2703
5579
8643
7424
7965
5777
9658
7660
9679
6720
4350
4106
2096
6421
1133
8239
3542
9570
1618
1847
9246
5222
8331
337
4114
9718
5867
3799
4665
7190
2704
1916
6894
3826
886
5980
9015
7278
1429
9161
9517
5968
2421
7196
1794
8935
7015
3287
7374
892
4353
5679
7140
7863
5724
9271
30
9158
5547
5903
4522
9137
3069
3860
898
9990
2901
9523
7182
6540
2004
6673
4445
2244
507
5499
2386
5936
7767
9270
4056
2281
9773
9346
4288
1094
8287
2968
1857
4428
7637
6082
2183
6103
275
8607
3534
4779
1027
1311
9007
161
1868
6090
6505
2290
372
5531
4716
5283
7267
7041
9904
1075
3445
4956
4385
5471
975
7830
6796
4500
3818
6022
8142
6165
5246
7576
2742
6049
6487
7737
8485
7367
1518
6260
1345
6852
9374
2036
7287
7476
5281
2333
6532
4558
6497
4491
7984
7176
5050
4895
373
1095
7514
1592
1918
7522
3130
8811
8442
5335
1787
2210
2493
6008
8210
9030
4566
2887
7385
4846
7424
9928
1284
5271
7037
7108
1410
603
8838
9720
5430
1544
5429
4023
3627
3799
9230
8063
7033
3790
1453
4286
5151
3702
9832
4960
8950
7540
6443
1424
5615
2379
2186
1096
2591
6254
6014
5928
392
992
8500
2932
9169
143
2254
3797
2299
3886
7729
2429
8343
4935
8513
3416
9855
218
4761
3074
1704
9189
8596
3269
5617
4548
6765
8671
7854
2299
1756
9023
8402
430
3145
3739
2850
7895
6959
899
7452
5126
48
7617
4900
4365
2648
7802
1666
5840
6880
7790
708
6499
4033
6362
2795
4595
2091
9653
4180
6026
8327
2273
6282
272
5535
3323
4268
515
5679
7849
2827
9419
4728
7444
1453
2748
8661
8681
7665
4951
7589
6441
379
9284
6759
1097
6092
1449
7169
4616
2130
7535
6639
7018
2547
3180
8185
7470
4743
9674
3349
7893
6952
6697
3381
2673
139
9918
7314
4341
6348
8234
3317
56
2798
6276
2536
3458
7027
8471
9020
2629
5515
4442
4032
127
105
8908
7487
2876
752
7215
3825
1866
7356
7744
1222
3323
9394
188
8975
8927
5083
4310
4453
6413
6017
6365
5017
3432
954
6973
630
8434
8123
4171
2437
8191
9910
3740
5452
7542
8211
2617
66
8479
2389
4640
8898
4411
4292
126
8755
1255
1352
632
4946
2454
2375
5661
9608
8310
5670
2000
5479
2415
6479
7504
2622
8490
5857
1332
6326
9055
5222
1357
6314
1116
8382
3132
9177
9678
3015
525
8494
5540
6926
4869
2613
244
6233
2725
9958
7296
8610
2543
1987
487
9469
1088
3604
4879
520
2385
104
3381
3538
2509
3029
26
7540
9869
9867
4552
7916
396
5442
3209
9517
2317
8231
2085
9700
6258
747
2620
2224
9409
5881
1781
5100
7809
2607
7197
3137
3593
5961
289
3244
1040
3694
6449
9429
4985
6415
8519
927
3586
4161
2537
5928
8458
5477
8038
6602
9661
3025
5225
7568
7623
8928
3210
1149
1591
5277
6348
202
6356
393
7686
4858
4982
5202
9180
5913
5625
5733
2247
3997
9557
899
5751
832
3746
6663
3032
4280
5854
297
4535
4858
1134
4700
2842
687
5980
4370
7726
9112
7922
7095
2838
4959
9100
7635
1349
6136
1433
395
4940
3657
4310
3201
6281
5277
1218
2080
2312
4965
3469
2789
4191
3326
6332
2661
8781
1161
1027
7351
2410
1546
5223
1972
8553
793
9461
8932
8502
4357
1777
2686
9764
1861
6469
3583
9175
4835
5152
7602
9032
5013
9729
1408
7981
9598
6260
5438
2108
9112
6540
3991
7726
6442
4192
7289
5473
3687
3674
4577
8281
8427
9240
1930
4168
3428
9059
4188
7432
3226
5707
3144
4685
455
8055
3289
3434
2060
207
9336
5271
832
317
7174
5868
5493
8073
7653
6363
5621
4016
9371
7859
3513
7911
7883
7549
2919
3919
336
4364
2993
3599
5462
3704
7704
1198
5277
3108
2152
6152
511
5873
2603
9192
7443
7494
9180
4100
2590
6663
7013
8053
3554
8689
5103
4414
1134
6192
4407
1681
4769
3982
7178
8231
4033
1785
1292
9549
7262
1707
8226
6324
8386
1543
8719
343
322
8549
3412
473
3416
8195
4043
7814
7162
3834
5091
9856
7242
9767
3969
5627
5568
8132
7479
5371
2044
5041
4767
6488
4435
7940
742
4710
4166
9747
5327
7565
9752
8144
9225
4960
1601
7313
5480
3408
920
5316
8333
3261
8128
5477
9637
3659
8537
9255
878
131
1572
2356
1695
2106
9305
7688
8916
7902
5014
8352
4170
7823
3812
4075
5457
4074
2029
8942
2696
4756
8434
8483
2767
7037
2157
7165
3537
5543
3198
306
661
9982
8517
9786
4774
8346
6116
4610
9857
5937
7791
7653
6525
197
1824
4751
8806
9956
7794
9511
284
526
4664
444
3835
8512
3433
5119
9261
1070
6542
5496
2621
6259
4595
6706
4792
3421
9441
711
2308
2990
8412
1679
4665
267
3563
3228
5144
1054
2358
1865
3204
2257
8320
6011
6954
2709
5755
1483
5176
8622
7406
2573
1476
3647
3444
6501
1871
9993
5618
1308
1351
4681
1245
728
4495
9548
2214
8146
1061
8688
6749
5774
9111
8887
6079
7690
5011
9503
8822
2611
6418
4562
705
1257
4663
8830
1590
3787
1792
8280
2498
215
7888
4810
3113
512
8357
7718
4284
2258
9187
656
5395
6816
5498
9403
2551
934
39
6691
1127
8546
462
5092
8691
2483
7457
6995
9602
2560
2286
122
9788
2162
6500
777
8218
5994
6020
9150
1635
1653
9927
1912
8586
5291
8479
316
8142
9260
2593
874
4550
9010
4177
1566
2721
3852
8942
5282
2413
7602
6357
9393
4374
9785
564
7527
4839
3133
9910
6810
6726
5667
9726
3314
8826
8914
9578
9053
7569
1519
8590
71
7628
1287
8145
4091
3213
7320
8032
7667
4352
3590
2144
8794
626
2038
9745
3447
306
1426
301
8409
8247
1694
7046
7647
6298
3308
7623
7261
9602
8355
9970
7226
953
3192
8164
961
4291
3582
9148
8736
9574
4191
8118
6449
5708
6448
1922
7253
3403
725
1941
7649
329
8295
9461
6753
5831
66
7058
9088
9004
9577
4102
2764
9472
1355
5883
7983
1767
8908
5821
9446
1035
6274
4750
1470
8586
411
4593
5859
3883
545
4283
7824
5541
2458
5056
6905
5610
6863
9914
8161
2061
1499
4471
6224
4613
3015
5494
4278
4494
8115
5765
442
6462
3495
4755
1002
5351
6542
4553
6936
6464
9628
7723
9384
6781
6830
1212
6640
8906
7086
1234
8247
9329
4201
3693
1901
3651
4335
9165
6770
4005
6354
2510
9355
7387
9540
3457
7835
1010
8362
6063
7903
7377
9007
3600
932
5294
1991
6973
7283
4078
3499
872
2205
2318
1473
8713
4138
2253
5325
8331
4819
6973
4081
3883
3081
671
5662
740
2444
4347
6923
7407
2278
9775
1036
4841
2810
5821
4730
9163
4099
5360
5804
5315
1187
3495
2313
2769
3857
776
8375
7958
9350
2376
152
1378
2557
838
4733
8180
6523
7662
4699
7987
4188
4826
8500
3413
9628
6365
9822
8346
3625
2101
6561
8702
5864
2494
4491
2001
1731
9786
6376
3969
4589
2110
9327
4675
6401
1115
3820
7477
432
441
1842
9501
8385
1066
9815
9919
774
9432
9936
5729
1587
109
8148
4332
7835
1062
4312
2835
941
1568
4093
1434
31
9753
1223
9954
4546
5881
9363
4677
4354
3368
5918
2115
7845
5521
3541
8367
3715
4039
5756
9656
7119
3084
6969
7292
5035
8571
1119
4648
2731
6944
4908
7673
3214
3896
43
3409
8721
5814
3911
7016
2234
383
3611
8533
3452
9792
6963
2987
631
9811
3103
1051
9045
2198
5594
6529
2159
976
4868
708
2515
8229
5223
277
1490
7847
103
2535
5532
5549
2725
249
9551
5777
7594
9898
2726
2334
1353
7462
2434
5666
3908
7148
8188
9117
4615
485
7609
1218
5734
409
3073
7998
939
6244
2720
4684
4178
9816
8647
2409
3493
6668
3783
6566
8085
6426
3920
1706
8541
7713
3460
1331
8888
287
1913
4026
1517
3074
6660
8298
9987
7990
9993
3606
5863
3187
3979
5674
2644
9029
9761
4529
8922
4675
9044
900
3222
75
9653
9094
9673
4129
7899
5469
2147
9516
7849
5233
6686
1830
3969
1435
8424
8364
5894
6244
4284
2807
2550
3823
7041
2514
6037
2151
7742
8317
75
2335
5493
7294
8813
8321
7938
8539
4593
6422
3536
1669
2371
8923
3421
7744
2569
8347
6118
2457
3749
8069
1310
5866
3095
6969
7432
54
354
5905
4862
2994
9690
1029
7406
946
2237
6247
5551
4169
8976
8387
527
5817
9120
2438
2539
6292
8639
1242
4363
3568
7480
6301
9191
4377
5117
8280
1563
9976
4010
3754
3978
4798
7692
7768
4353
9741
5276
9780
5099
986
2581
1758
1017
2458
8489
1215
2181
1413
3894
160
2461
4811
9977
3668
5900
9372
8211
6507
8873
8692
3342
3565
6267
6338
5412
3833
1862
7026
9340
380
5442
3384
7242
1504
287
7713
8751
1538
1184
9666
4522
7215
8720
2925
5914
679
2382
4381
9309
2836
3119
6074
635
8368
1018
3133
3909
6785
5433
8284
3860
3608
913
9766
7242
9787
1102
9758
8827
8729
5615
4782
8055
3421
5970
4932
236
3150
4246
5869
6041
8912
313
339
1960
3791
6037
8294
895
2041
1058
3782
2462
2810
664
8313
6958
7436
4434
1369
4596
1121
3030
4739
3642
9468
1929
8209
2369
8138
8120
9295
1569
5944
7241
8344
5248
4645
571
9445
9531
3997
5315
5595
1978
1426
2981
7018
2151
695
5547
6010
8763
2242
4105
4822
8328
7765
3068
5106
5249
8159
348
3976
5850
4616
5322
3154
6601
3611
3270
2196
9887
7613
9767
5905
9114
1234
4271
1303
285
4114
8645
5612
5328
1708
7083
1157
9490
8411
5870
642
5346
3960
3582
6039
4209
1814
8777
4524
285
2012
7181
1429
4491
2272
650
4897
7602
8846
5230
4559
6859
3950
8475
8034
8074
2348
2290
6352
4466
1356
7678
5755
2381
1185
6236
3574
7647
8298
7964
4158
2600
288
6169
7062
4295
5885
5338
1402
4872
1219
8041
3525
4352
7484
684
8116
8365
2394
2243
566
7545
1824
5067
9826
8356
9362
9894
6714
4226
455
2700
5347
7598
9607
2274
9360
7914
5078
8727
8313
453
217
6940
5533
4496
9517
9135
8321
6552
2231
7798
7328
748
1215
7595
6201
1528
8280
2587
9799
2347
8246
3358
7771
6941
7367
280
7301
2687
2231
7249
2579
4103
4340
5509
9466
7045
3387
4194
6313
9332
3990
5117
3081
5515
9403
904
4018
6244
1426
834
9723
6935
2158
3412
8743
2250
7448
183
9980
1224
2013
1116
8557
1805
569
4112
8943
1436
5946
7813
2301
2048
7423
9804
9224
25
2300
6436
6755
1784
240
6963
5700
1587
2124
7925
993
8757
9919
6318
4283
1550
5475
9963
4255
1255
9258
6081
2620
977
8144
9898
3480
4165
4510
8650
2481
3896
8959
3624
9388
3021
6816
6251
566
8757
1033
1097
8538
9760
8996
8728
4275
664
3340
7732
642
1119
3676
5907
7857
8809
1940
5149
3257
9325
1584
2744
2741
7637
8079
6166
4497
2121
2417
9914
9523
3463
5483
68
2676
4184
5971
1984
4130
6848
9424
2924
2877
1992
7873
4228
8325
4202
336
5519
3099
3171
9642
4232
157
7421
7656
8025
1298
2431
7962
2286
3665
5583
3842
5143
290
8440
4711
5597
966
6549
5852
3686
3805
4872
1633
8141
3298
5351
9385
6772
8601
8434
9805
3285
3935
2403
3408
5800
2821
3960
3332
3360
2787
2232
6841
873
2288
6649
6305
2658
5284
9864
375
3381
7298
5845
5416
4424
4023
1832
252
1170
184
1888
5134
8277
1838
460
5348
3057
9676
9826
2554
6660
3938
1476
3588
2032
7980
9616
9131
8104
4038
6266
2025
5312
5503
544
1002
3208
5557
9449
5953
8705
3283
2594
1510
8189
7265
8641
1361
8865
7012
1849
2486
1426
7366
2150
3603
6262
5472
3769
9066
1454
6255
7206
3467
5437
9415
7736
5024
2553
63
2433
2798
1510
6335
8448
4238
3799
5316
4853
8699
7474
4480
9483
2110
102
3902
610
7781
4928
6812
1519
9562
5184
7344
6212
4573
3433
4079
2752
8725
35
1716
4804
8452
2727
3837
8526
325
8587
4895
1419
5929
4531
7077
7292
444
5604
1860
8375
3879
4046
4356
7238
9635
8110
1411
7490
2484
9951
7127
4714
8001
5229
6980
4999
9503
7865
8514
9894
361
634
7004
6644
4209
746
9950
7458
6978
1343
5100
4748
6351
8813
9820
520
2826
3241
1430
8395
5581
3220
6631
1109
4710
4050
2308
5767
9556
7055
2211
3739
6654
3610
5397
9060
4097
6632
7468
1602
471
528
7137
256
1262
9617
7643
5
8860
6609
6368
5791
6788
3877
3578
1052
4073
5149
7764
8227
7774
140
9183
4198
3061
7074
5213
1724
7965
8275
7474
9501
3798
5795
7825
5868
1471
4941
6936
8854
6192
3107
1096
4760
7091
2112
2842
1373
3875
7654
4653
934
1687
6635
1325
5674
4460
7204
3988
6592
4433
6962
2332
1672
8759
592
5604
7488
3929
7600
7414
6611
9253
6441
4876
7920
9278
9665
3482
3977
392
7185
181
209
6642
1993
5230
5870
54
4895
3320
7596
6195
999
5514
3337
1868
9442
7645
3015
4963
5001
2797
6474
9559
7947
9093
9169
5436
1943
9115
9437
539
4127
2308
4566
4260
1919
8021
7948
9533
1867
4863
4771
3002
6886
8024
2899
3438
3350
5693
9540
8924
4793
6236
2330
6887
9773
9578
6965
5997
7017
711
7211
6998
8625
3597
8882
3408
2528
970
8867
6854
6566
1358
3240
6121
3791
6017
7801
5707
2533
2017
1175
1524
6183
4814
7812
211
2231
6649
7990
9675
4692
2442
757
1595
3358
2241
1061
5921
880
3456
9450
7536
2097
8292
1758
4963
5450
4476
4476
2093
7648
3524
1521
8608
4546
4351
2749
1874
7544
7526
2807
9379
7512
3504
9434
1373
1620
4335
1604
7231
5192
4115
6844
3513
8479
9315
7479
2596
53
2494
5184
3141
2409
2949
5337
185
7457
3530
6136
4745
2529
2609
2667
428
9731
1234
5091
6476
4012
4733
4738
2271
42
3789
4051
6414
2921
3669
3062
7603
6444
404
6845
1172
8688
2653
7548
2605
1822
6315
3188
920
8724
5438
5774
6072
6367
4350
6937
7088
7342
1734
9302
4470
6896
4613
9599
9900
4298
3776
5612
8506
4337
5758
5353
8292
4407
753
8373
4662
7181
506
1781
7005
6200
2367
8247
7917
6022
6167
1327
1269
5392
5886
4764
2644
1475
8337
1709
4278
8092
8861
7332
1344
5107
5625
4147
4639
